[4.61472161]
[6.17727494]
[-2.72485106]
[-8.78875979]
[-3.07499521]
[1.21114831]
[1.15163763]
[-4.67858911]
[4.66509807]
[5.91933147]
[4.64050198]
[11.50898742]
[2.13607153]
[1.26979261]
[4.93140216]
[0.15289946]
[2.92361922]
[1.88303454]
[10.4828271]
[3.17299517]
[2.05458556]
[7.57481285]
[11.89348939]
[-1.0962851]
[1.85235739]
[-0.06359524]
[4.11327709]
[4.207449]
[0.90917599]
[-1.45161059]
[3.09661756]
[2.33263666]
[0.05993943]
[2.06997146]
[5.66478241]
[-3.307101]
[-1.24339522]
[2.5935859]
[4.60533624]
[4.84655968]
[-2.11216531]
[-1.78527525]
[4.4057096]
[-2.90417423]
[0.95557142]
[-1.63595535]
[1.28227885]
[4.20965572]
[6.50361291]
[1.17758727]
[1.10374349]
[-3.74583067]
[-2.47848887]
[1.82339311]
[3.26933291]
[2.32407851]
[-2.38130817]
[2.30540573]
[-0.3873735]
[2.680931]
[1.77441469]
[7.17945328]
[-3.27215488]
[1.2924349]
[3.5299582]
[2.7706635]
[2.23956436]
[0.92308517]
[5.48181248]
[-0.85161576]
[3.4248054]
[-0.36441398]
[-3.38014837]
[-3.16801005]
[6.54789744]
[3.18925636]
[-1.14240006]
[3.66508672]
[8.17695822]
[0.11958746]
[-2.63779183]
[-3.78954691]
[6.7483688]
[-0.48164149]
[3.44878751]
[-6.87561436]
[-1.0551712]
[4.45642408]
[3.33040956]
[6.26169722]
[2.49769265]
[1.19488172]
[0.73565657]
[0.17445532]
[0.46655759]
[2.07347335]
[1.56230112]
[8.39663931]
[1.09109021]
[3.16160221]
[2.3229125]
[1.48387391]
[-4.19409158]
[-3.39728707]
[2.15844787]
[1.71891619]
[-0.40524705]
[4.53039361]
[-3.43695256]
[-0.38118003]
[4.32918083]
[-7.96445291]
[1.39943091]
[3.28066612]
[5.16766194]
[-0.56098518]
[3.68636422]
[5.31558228]
[3.80662164]
[4.03613797]
[2.41302735]
[-4.80038325]
[-2.11894176]
[2.09539081]
[3.66431837]
[0.92407319]
[3.45555007]
[3.89627745]
[1.11262325]
[0.82634656]
[3.96059568]
[4.59935772]
[1.423547]
[-2.55429767]
[3.45334238]
[1.38466039]
[-5.65639598]
[5.16575525]
[-3.19595533]
[0.21872933]
[-4.4244506]
[-4.77808531]
[4.5890074]
[1.8774396]
[2.91307149]
[-1.22266409]
[3.1251832]
[-0.81702939]
[1.36363603]
[2.47138486]
[8.26834308]
[2.13012215]
[7.76286913]
[0.78253474]
[4.61890366]
[4.76059945]
[4.97153466]
[4.80334251]
[1.71531603]
[2.61040468]
[-2.69436205]
[7.57013146]
[0.05970916]
[2.43102903]
[4.50601801]
[4.33465163]
[6.12037167]
[-4.28384346]
[2.21512206]
[-1.26600932]
[-0.99925151]
[-3.4819709]
[-1.24511585]
[-3.70472816]
[0.06611707]
[7.53467277]
[5.82156033]
[-4.11160326]
[2.11029856]
[3.73696235]
[-0.58749717]
[4.91652082]
[3.71221962]
[-2.22877647]
[2.89851349]
[-4.13456236]
[-4.39593426]
[5.31042326]
[-7.10305833]
[1.73977873]
[0.61471529]
[-1.83595205]
[0.09227884]
[3.53758337]
[1.01191377]
[-5.39406247]
[-2.64147009]
[-2.66955062]
[3.23759142]
[-1.99931092]
[-4.77505575]
[9.6827401]
[-0.04179462]
[-0.25649427]
[-0.31166707]
[2.38219543]
[-2.19937893]
[-0.84955425]
[7.49931208]
[8.74360831]
[5.75018229]
[-0.90204984]
[3.92909454]
[-0.17930241]
[-0.41519603]
[-8.28440536]
[-5.17820331]
[-4.58786914]
[-1.46239559]
[5.05353706]
[-1.42309236]
[1.92001873]
[4.54327833]
[2.68345215]
[-0.68724461]
[2.09785587]
[-0.92960004]
[3.66987544]
[4.12903976]
[5.64112907]
[-1.84374563]
[4.60199222]
[8.71765253]
[5.82521654]
[5.24031615]
[-0.45179281]
[7.34596829]
[-3.78470396]
[-6.65484631]
[3.67569766]
[-2.50892446]
[4.56595214]
[5.0507896]
[8.85157013]
[-0.68155645]
[-2.76536283]
[1.90528362]
[-0.90823655]
[8.85918465]
[-1.15084202]
[0.88520931]
[-7.19491234]
[2.96861263]
[-3.71679784]
[2.33565102]
[9.91780908]
[0.82828757]
[-2.3621225]
[0.45504158]
[6.63789867]
[1.07636487]
[0.01344514]
[3.37733542]
[9.51601383]
[-0.88126969]
[3.77810742]
[-1.54350303]
[-4.35927566]
[-1.10471353]
[-0.50991405]
[-1.43047257]
[4.79969336]
[0.82399156]
[2.96274703]
[-4.66618505]
[-0.32460749]
[8.36794616]
[2.97628015]
[2.80496361]
[-6.80951313]
[-3.85687202]
[-1.35878291]
[-0.37091768]
[1.97922533]
[-1.48222138]
[6.5428806]
[-0.09060841]
[4.34926876]
[2.68158572]
[-0.97408297]
[-1.07273074]
[-0.85074049]
[-0.76578289]
[-1.41541535]
[0.4266662]
[-1.91484205]
[-4.17244918]
[1.67175922]
[-4.05343053]
[3.72997013]
[-2.21977611]
[2.29468053]
[-8.53787174]
[-2.73056924]
[1.39701854]
[0.48437972]
[0.43995084]
[-4.44569606]
[5.04012911]
[1.10533071]
[3.97207783]
[-2.598128]
[-1.36271547]
[3.73015349]
[1.87415408]
[5.94924395]
[-4.71819956]
[5.42747074]
[4.25317452]
[-0.95572943]
[4.46411056]
[6.92823278]
[1.89908003]
[-0.94416867]
[-0.29747167]
[1.40868386]
[0.29262]
[-1.78999301]
[3.6707891]
[1.57312615]
[-5.34713791]
[4.17541584]
[3.3545686]
[-2.8759341]
[1.8326192]
[4.89944529]
[0.54195028]
[-0.34655937]
[7.32598292]
[6.00105839]
[-0.12208077]
[4.77628043]
[5.75677358]
[2.4196736]
[4.36768101]
[4.18701084]
[5.85502787]
[2.71098235]
[-4.47581456]
[-4.29800041]
[7.3760533]
[9.62589231]
[3.2766816]
[4.05598182]
[4.91853905]
[1.80517723]
[5.23063223]
[0.11342245]
[0.02483293]
[-5.86154884]
[-1.5591299]
[2.47689134]
[7.35680526]
[-5.58126478]
[-0.30154194]
[1.26931692]
[0.51457217]
[10.8202338]
[-1.62333998]
[1.16864218]
[1.60361629]
[7.22024123]
[6.20359716]
[1.50140062]
[3.42700915]
[-1.50584517]
[3.38910464]
[0.50929794]
[1.70634396]
[-1.36843563]
[-5.41322081]
[-0.20743746]
[-0.74920525]
[5.80422435]
[0.89485267]
[-8.6475968]
[7.88211678]
[1.07011563]
[0.16117169]
[2.10389128]
[4.32500435]
[0.27699672]
[4.64222609]
[5.73797376]
[3.89369746]
[0.12057024]
[0.83199335]
[4.54923571]
[1.21958871]
[2.04705173]
[-1.56464016]
[8.27030433]
[5.53372277]
[3.33175038]
[-3.61158764]
[3.42960671]
[4.69382029]
[0.28575813]
[-5.44592341]
[-3.37888254]
[4.1731359]
[0.59820486]
[1.25714922]
[11.33392953]
[5.24077624]
[0.92429785]
[-2.22580222]
[5.23600954]
[-0.13018171]
[-4.93760959]
[7.27663985]
[2.47561791]
[4.45620124]
[-0.23309785]
[5.7583883]
