[9.87437891]
[4.0941269]
[2.25256121]
[3.97441929]
[2.71392475]
[8.41183898]
[6.92447264]
[13.00986522]
[3.42460355]
[7.06995347]
[9.40163448]
[3.97692561]
[6.88510974]
[5.06106193]
[-1.30855069]
[3.45501534]
[9.932626]
[5.20343615]
[1.55768672]
[5.83213815]
[8.49579696]
[5.47427753]
[2.80215156]
[3.76558974]
[5.30814602]
[11.18223399]
[5.85507107]
[6.03753599]
[6.46363439]
[6.74043207]
[5.0445548]
[9.40503791]
[6.0185244]
[5.68133029]
[6.46305454]
[6.56219064]
[4.77229342]
[7.79643326]
[2.31549571]
[0.50328995]
[11.21157626]
[5.10150789]
[3.61678217]
[11.6375996]
[4.93205498]
[3.31027827]
[4.91729457]
[6.20003335]
[3.63293875]
[3.24568337]
[3.84113]
[5.31221517]
[5.78396979]
[6.87805188]
[5.99385851]
[-0.43026966]
[2.08286248]
[4.19962186]
[2.33248727]
[8.81701143]
[2.48272683]
[4.06343786]
[8.61010285]
[1.52479192]
[2.8492918]
[3.65620365]
[5.5341023]
[5.86564606]
[2.07411373]
[6.60060335]
[1.13200589]
[7.35040436]
[1.72017147]
[9.12436351]
[6.45371825]
[4.88771763]
[5.92956108]
[2.82612642]
[4.79876818]
[0.64428695]
[5.10505045]
[3.98336355]
[4.22477231]
[4.95977791]
[3.96125758]
[6.155172]
[6.74001101]
[5.77478027]
[4.24661408]
[2.30318453]
[7.21416707]
[3.89731462]
[4.25651544]
[6.76192754]
[3.05828737]
[3.66277268]
[3.15516395]
[5.72821401]
[8.23209215]
[3.40655474]
[1.81152109]
[4.05943077]
[8.27242142]
[6.34200704]
[5.84349471]
[6.33648274]
[6.96567452]
[4.56568421]
[9.21106131]
[5.83347175]
[2.58629166]
[8.6382792]
[5.21530633]
[3.46972533]
[5.53698422]
[4.74099643]
[10.08132962]
[3.66316511]
[7.4024988]
[2.93069847]
[3.78071827]
[7.75461565]
[0.15800251]
[3.79587988]
[2.47612669]
[1.72989218]
[3.56013865]
[6.90539489]
[7.76722062]
[8.20721045]
[1.19114075]
[7.65310054]
[2.32661222]
[9.83243979]
[5.68004276]
[5.25395552]
[7.26884073]
[5.78666956]
[5.38275427]
[3.35386684]
[5.62976957]
[5.95575871]
[4.32009198]
[6.85257498]
[6.48547049]
[6.19242443]
[6.09002656]
[7.94078311]
[5.99594573]
[7.65238175]
[1.53993268]
[5.00281382]
[3.15949756]
[6.1507206]
[5.28678786]
[1.94806199]
[6.35864949]
[4.66267988]
[1.62003054]
[6.58633568]
[5.26091455]
[2.8697366]
[2.81039211]
[7.00653033]
[5.1362858]
[0.38610483]
[4.24315595]
[4.6482963]
[4.42489616]
[7.93274641]
[6.44329324]
[2.57131559]
[5.87343827]
[6.09888446]
[1.55343325]
[3.2877388]
[5.6648555]
[5.09982193]
[2.47943894]
[0.63401934]
[5.28068496]
[5.28199088]
[5.41415237]
[4.09108224]
[3.09081319]
[4.27652077]
[5.04813157]
[6.29944427]
[3.62425789]
[6.83969515]
[5.97879406]
[4.59153446]
[7.21066298]
[4.20094307]
[3.06983842]
[3.51822967]
[6.95067009]
[5.90177355]
[10.15204725]
[3.95064859]
[7.53491911]
[4.10822602]
[-0.51299717]
[4.93308931]
[4.430792]
[7.29029957]
[3.93829566]
[5.18678821]
[5.80441088]
[4.21071776]
[-1.25025773]
[5.25198263]
[3.72068037]
[7.78376508]
[8.93263946]
[6.88696427]
[7.99399067]
[6.54004878]
[5.61602337]
[4.28973797]
[5.24205461]
[5.54571839]
[10.70465231]
[5.98267521]
[9.13799931]
[6.40750065]
[3.65275653]
[4.21674641]
[2.91608598]
[3.82798125]
[2.54237696]
[2.09610474]
[1.76311018]
[4.29781482]
[7.88762673]
[6.88086485]
[-1.58361863]
[8.18814863]
[7.89903962]
[5.32228887]
[7.56490438]
[3.90524521]
[4.73120231]
[3.96033218]
[5.50820912]
[3.54202522]
[8.35735373]
[6.14592588]
[1.99138274]
[3.21498846]
[4.39561781]
[7.64535184]
[3.71133589]
[4.72592476]
[8.58329111]
[3.79065042]
[4.22604864]
[8.06633035]
[5.64731732]
[1.05363025]
[0.13618475]
[5.5609461]
[5.52521496]
[4.50259931]
[3.80293591]
[-1.75149629]
[4.2931795]
[7.64401346]
[8.76008593]
[3.90006307]
[6.97193348]
[5.41549602]
[6.9249307]
[6.44641561]
[5.59156768]
[3.0921391]
[4.81822157]
[7.88773415]
[6.70911117]
[6.53623068]
[9.29013681]
[3.82455193]
[1.07877798]
[7.93942238]
[3.56897479]
[2.61160796]
[6.01238742]
[4.86768343]
[7.79948069]
[6.01541576]
[1.01470573]
[3.89882665]
[5.52730258]
[7.17275838]
[-0.05801413]
[5.7564621]
[5.43535545]
[3.16440773]
[4.0299228]
[5.45111388]
[0.70303146]
[7.89902273]
[6.58387473]
[5.87875778]
[4.81066536]
[5.62931025]
[2.10244796]
[7.13987109]
[2.51120776]
[3.39505448]
[0.79158896]
[2.05976372]
[5.66527962]
[3.26217274]
[2.89760391]
[6.25828954]
[10.26108389]
[5.66141398]
[3.57717275]
[5.86280802]
[8.50239278]
[0.88206403]
[4.91891095]
[9.41587696]
[4.92669879]
[3.98702212]
[2.28625784]
[3.3056692]
[11.08509167]
[6.85668414]
[6.92076783]
[-0.30596211]
[7.98447545]
[9.31264882]
[5.00590447]
[5.58744874]
[7.14412534]
[4.6053109]
[3.01771159]
[3.68584602]
[2.99753216]
[4.5266238]
[2.2466948]
[2.50144875]
[1.61705472]
[4.49970146]
[0.25664011]
[2.01041236]
[2.90972051]
[6.6469825]
[1.52144833]
[3.34973174]
[-0.40089689]
[9.78817451]
[6.5678865]
[3.31677494]
[5.67652046]
[5.74985791]
[5.94005384]
[6.6131011]
[8.06604084]
[2.23341021]
[3.12100199]
[5.63414843]
[5.04992183]
[4.03993773]
[2.41313228]
[6.51551418]
[3.51538153]
[6.87772165]
[6.65013482]
[4.07045569]
[4.26442167]
[11.1044046]
[7.69192089]
[11.40092768]
[4.66030188]
[0.0059826]
[8.00307236]
[0.84571719]
[8.50510256]
[2.41944056]
[6.31146894]
[1.40514468]
[5.41837499]
[5.37898367]
[1.09745291]
[8.27086585]
[9.22288712]
[2.41496249]
[6.19274458]
[8.06656503]
[3.89473043]
[6.65825186]
[7.64491033]
[5.63388489]
[3.25902456]
[6.53656677]
[5.67309001]
[1.5380063]
[5.1902741]
[5.42314371]
[1.97441835]
[4.33690968]
[8.80130521]
[1.84880341]
[3.36593553]
[9.06156288]
[2.42671517]
[3.9349441]
[5.25194484]
[6.40042594]
[3.93723417]
[1.2146542]
[8.33066318]
[4.70728698]
[2.64085279]
[3.89795789]
[1.05493882]
[5.95527556]
[8.09564542]
[7.59289914]
[3.70914905]
[3.16787145]
[2.08392578]
