5.5424700170602845
-0.5397780973338762
-2.1373457252028905
-0.39773262807952525
0.009038353437615942
4.234315555834752
6.340411385720224
-0.14878121099739827
0.8688632008300687
1.0573472365931371
5.152060799572366
3.217817252868917
1.2212916877086168
2.1091266787425798
-0.782950071471884
0.47786354920998386
-0.29558184665173215
4.023676887997356
-1.715723637823893
2.0566005162978866
6.53545642132994
1.9794998027606825
3.2488778716481614
3.3145896743906302
2.452934806554564
2.7384380180569394
2.598743368607136
2.052384714962349
4.1652521842783985
1.898537767855463
2.0851870959793404
-1.8756747936626637
11.383392620324102
-8.605211801681936
8.787534498437022
0.9823858226470963
-0.7354997227691689
0.19380500039664783
4.135775861294867
1.9988132550042634
2.551165629377792
2.317588807863075
-2.532570456007371
1.7985833710748604
1.8637823503581474
3.7780257409352127
1.942273499976492
2.7127599822318773
3.2739496438665756
-0.5610687799089007
2.7182041497408744
3.2732055185913076
7.876955700551885
0.5023760817400986
0.49120021388302826
4.004567067090713
1.9669261106219205
0.6756614473862603
3.9278089556706157
2.5420507964397006
5.742727367904731
3.843523255679081
3.974982306805984
0.9852103676373658
0.939023134892268
4.51630648631286
-0.5816569742440256
10.08906308852815
3.2559005568520947
7.464308443753645
0.29430880883346955
0.5551720256601629
3.8116753561534873
2.7554481000140987
8.987506944569507
5.171877417927475
7.596320606217416
2.8127854328809354
4.387288212712005
11.442868706833654
0.22098996424727657
1.55855886125106
0.9379867333773566
3.2230796385077687
-1.674248204232561
4.773301284941388
-1.3794675009937518
1.02499977409961
1.2878571848910356
0.37431875179170104
4.441449813797279
0.9290787291952098
2.881013816483891
1.0000556327919383
-3.112208124451972
1.9412190554815536
4.867364192080823
4.832873482170581
1.0849737319301165
2.1091830297865464
-0.6319489388331676
3.9902316149452273
2.4965489024032745
2.4839443565126356
0.765521728840511
3.920619990192775
2.5679224312290567
3.9234265031703712
6.760555486255821
2.856402027964204
2.0610110796349037
7.4586727909930834
1.4743185314898246
2.1892387215417606
5.230686080805654
-0.52191144367286
9.034026242357452
2.069833515788949
2.8915775321888373
1.1001327622056039
3.7315505227586208
2.5866090512999538
3.626811789537819
2.575284078444067
1.0279346194947836
5.387618742246046
-0.016296135528663935
-9.526496560631609
-1.8293661913405366
5.1780536731325
6.6108448085541704
2.622118401703364
1.547053444819722
3.6854752501784267
2.0723397571738906
-2.81543360334513
6.708919360973477
0.669430715707457
-0.37462067724127124
0.9722336873076913
-2.381234738664089
2.4851098810501253
-2.7540010321029866
2.5854197118690654
1.2817541294556776
3.1862932531952284
0.8717957630369262
2.76254762032981
2.80058490682283
0.07462840129726267
-0.38675404819195736
13.919641203079411
-2.4731709373566435
5.998692874241538
-1.889528251889999
2.299387167007734
2.259658182924605
6.568429293457228
5.179965745028885
2.9095906330074905
5.321307728463596
10.215565845568635
5.897374806775841
-0.3989665428640463
11.336918067230792
-1.5288119966739595
2.39219100735925
0.5670782795253855
2.674220155747952
2.628643586186856
2.776576376884937
1.4349812674360114
5.06839400540174
4.420896981996312
5.318904146478203
3.6659570378117774
5.919520863526908
-0.5232650460379125
6.218498000519089
2.3814013488305457
1.2647339328391298
2.5287729403955654
1.5767858302551252
2.4161824721621037
5.665179426594418
-1.0057003739533545
7.1110311635705745
0.9782645894997068
6.7751719222739455
2.014844860111346
-1.0734276638505476
2.5486624175893455
2.0899634642355256
1.001667001097475
4.353667713215375
2.8069007726895836
2.4837192934465158
-0.32424925232433655
10.719784165804251
2.2687315607427356
3.1551743959849237
2.05241441766255
2.8604852382208077
0.8326699749814297
9.240045121237813
6.279137744532197
0.03134092176287151
3.407879827229637
2.7941913525957496
0.10114327231744591
2.615209990781943
-0.982583397825652
0.3840867412549307
-1.0673402520429045
3.898535769354665
5.601572866357009
4.22072440580941
2.852005245036318
2.7651733845801783
3.434126186600741
2.370697408711831
4.588435255191644
2.8557972320927116
-0.40208716372813
0.5594799536001858
2.070461651641541
2.4809365144696534
2.368021514198191
2.758949873948118
0.4835554830408948
0.10640660365076826
6.106971226747623
2.8985813129325257
1.488084714925059
7.526372574576373
9.267766813397412
2.496855013317771
-3.825936742140037
4.226224476478885
1.70149722364517
1.27676369582837
2.5917978587621406
2.654903460710666
2.675233290415225
3.5426355678167063
2.334186740473498
3.140128485295234
5.914821623940161
1.8526173392762622
1.982419949502431
2.2809570348093486
1.1709719070789952
1.9758158720176375
0.6534235668670134
3.2749506942977638
2.9922074101926945
2.7216274553481683
4.105597017795459
4.958590332973801
3.2873647536275987
2.2093498043030113
8.050279398046527
8.38233688701099
8.651765016386928
-0.09869383169805879
2.0747504614180228
-3.8478890755592055
0.5412614729061809
3.5611371417283975
5.649762428082545
1.4439919014811597
2.795513760618065
0.3265617761694908
3.0655676804624137
-3.9474286603206803
1.9307035996761284
-2.343414115482446
1.7207505251708335
8.863525256248058
2.637085507537131
2.5699543901042703
4.052268268787442
0.9327723771947647
0.7025142418839838
-2.266829957618012
3.017239342454724
1.9493229491869761
2.273701309852711
3.7436816329522546
1.6564891446117271
-3.104173035841159
2.3222389974692805
0.34135901575997796
3.679827232593198
3.166927153148976
1.4199752459530446
2.5074001655754627
8.447470246296184
2.170068141393577
0.9176924000155
2.1832061391332935
5.15306753833025
3.7502803577181307
-3.0784746872974855
1.458260826952636
4.378845974814128
2.043153693326541
6.126207788089405
9.034672007537749
2.1419196155933116
2.4859103190678162
0.12696319129642086
-0.3037652027092723
2.671041655974074
-2.617074123711043
1.7992963625235538
-0.8034360936956113
0.31410349133451954
1.5917010583357958
-0.751205497106822
1.2326312437775855
2.191307383297199
4.720264003649538
2.7962097282805622
3.769845337512245
5.4322000749559045
3.1025777718226744
-2.4906496553688013
5.463237941854077
-1.98894951484482
0.5724201850067734
6.74114941153554
-7.18179528457776
-0.610030547839691
0.9063048921812327
5.4384994187884725
2.3732012691571422
3.470633346866352
4.103475524225418
-5.499988303415927
0.22965210144816872
2.1796720672420062
1.8773083590578041
3.1529829987477687
1.9250347264823449
2.627144274115576
5.9788815598895315
1.4874817059490397
-13.857769914866179
5.116714502075702
2.868016143958044
8.285652250723462
2.412992846745995
2.3722248894825366
2.4098489318862546
4.950392020090696
2.5224830604231827
-0.1075672649215127
-7.694966911953879
7.4415880573140605
3.4638308736055805
3.133606481683935
4.097332580480956
3.707550249607739
1.2616417302014529
3.4481216202044584
0.6218284378445422
2.5708175367894053
2.7448138921934317
5.721622456335004
4.819942162080224
3.064255881993927
-0.8868403529536169
2.023759649947258
3.574578538210031
2.005861083455405
3.499331882501232
7.656216744222066
2.7056250584976986
2.336566135594352
4.2388320329725975
3.5160748775213158
-0.20036720774309202
2.937862850296237
2.2443393577575317
1.326659628708245
-0.6785991161380167
3.4737837515590777
-6.281576578953658
5.255326083576357
4.7942518017351965
2.5180575379138954
2.3502754901061125
2.908834644969241
-2.4370249831730755
1.9053822615918068
3.566927282747219
4.863720544514674
3.2716358426075463
0.5780887325780186
