2.385212948618002
0.496483536199416
2.9962517889982268
3.6834596385113465
1.9863324451875894
3.786318996258403
2.8190181480283982
0.50073769709624
3.6696478000138857
1.1144945040463825
0.6335889554063715
0.35973700700777034
0.8656640486393699
-1.908948452857727
2.9404137864936404
2.707361539772215
0.457502746425408
0.22537059282404437
3.2722131024663317
-4.315036894471508
4.345585375780165
1.6229007083428983
1.3616573714999982
-5.596311928827074
0.06167156645513461
2.1272138071727857
3.450769437344677
3.8916109799493745
-4.02460112372418
1.6336358875119081
-4.450150965724456
1.2149495381249176
5.242826770676128
-4.960133931467375
5.728654811520357
1.0035531750919264
3.1003484800163976
-0.19057705348726506
3.1229305162344936
-1.6022285072583764
2.6910878895855506
0.9821423052236786
1.5564176066894995
5.535960981152929
0.056793937216347956
1.8254387418097253
1.0880138297321638
-2.1034486454596535
-0.46347015230994293
1.5061789668378005
2.6088138793707354
-4.925661341932086
-3.209775254051222
3.073238121936255
6.442510262058184
0.7005757529062592
1.846952219299467
3.8994434202709427
-1.239522851473232
-0.9733800950789422
3.7637444688467547
5.368101518149729
1.480440002930087
0.48476729332472623
2.2313474346619433
3.3946188850701127
2.1576932174402335
-1.9461518682398662
2.5758311266860394
4.034755603539131
0.6683398026956653
1.6777483591617472
3.7233214350305723
2.927150818105871
-0.3624644221511577
0.08607056624481713
4.857737427953367
-0.06364859052598959
2.2089063637818556
0.15230582663780745
-4.731940694634519
3.8017976752940155
-0.37227894160830166
3.141870042453352
5.327909284134348
-2.395409039675183
3.916945290526432
0.5136293121447617
-1.1820489398240261
-0.2809280111745771
4.341784407394076
-1.3706456475091735
2.1746489324689
0.6937962149669346
-0.8880450368383905
1.0312620304324116
3.6529813001138987
4.74255950165708
-4.7278238243660695
2.02328164064655
3.415347863171256
2.0932828124944174
5.740903763353071
1.1553675579336293
3.9402273578401257
5.797808879970518
-2.779939911864522
-1.5499815236423702
-2.5090373796940484
4.578789034863164
2.624139231723536
-1.498143204663129
-1.305957255383139
6.087814848401061
1.4058917391997037
2.593936224788101
-6.729763002841306
2.8573346955726224
-1.27460351709744
8.386838005092427
-1.521877213601305
1.5026464961662134
-0.8436847536170919
5.810795789460812
3.96287858594246
-0.5201707540668496
4.156242245857646
6.684596517017425
5.597620809755516
1.9038730504413692
-0.8553520314054923
2.8172771443947795
1.571812959752468
3.385937044725159
0.6019714711053279
1.5203843663895689
1.2369700841772906
3.502880951863777
2.333534887225483
-2.150201234358307
3.452371177454171
2.3378789707457623
-2.2513751177862122
2.9400974050185216
-1.2216689730268468
5.335696965014003
9.881254250140948
-0.6536758106438563
4.489725898263367
6.247642179308476
3.06266905230654
-4.0575797294893885
1.3401166068358514
4.779362596689451
5.884437907335915
-0.6939562547699678
-0.20131997733701024
4.30504728098147
2.2923390632279466
6.510235920439666
0.55365115291824
3.736373769524847
-9.124712253887616
1.368565015041654
2.359699982902775
-4.113195979797924
5.5441534063657105
2.3115904896849013
4.786885161705302
8.711162127319039
4.005962155485561
2.80852263930955
4.375674039102975
-0.4808169291565023
0.683781537913916
-2.799768846966607
2.9791782854032203
-0.8449477455473335
3.7179686580868814
-1.2325677138668532
1.0554761763855778
-8.656692919525034
3.8670771848183065
3.949340210822452
-4.904846766843548
3.165240570572685
1.2916667166363833
-0.17176262678056675
0.9480457817036894
-4.4167749502613685
-2.0476908421988322
5.880047565768692
6.467179825701182
6.041245995776473
3.9692376269086087
2.0828489606982523
1.2201700666399418
5.637525771823601
9.083379614034511
4.473299166315332
4.389343724205851
3.1306787319739264
-1.9585222406982385
3.777379050704727
3.19879670368395
-5.618243158860409
-1.3676663917125236
0.6462203825837526
-4.9145271474755585
-1.7695244126799685
2.0465760460863796
5.467990442510004
2.0859850890808986
-3.647630637888146
0.6320786498860956
2.580289016250836
1.6197100703507792
2.3527629808663137
5.706193270261503
2.225671994848531
-0.23169482619681792
-0.7894193859313243
-2.304722430967179
1.6586503875026766
4.90238358593891
-1.3961658092369191
-1.5973117345935726
3.431835726890826
2.9976902649940578
3.2921664531129538
0.5063275090792132
1.8141872856937533
3.6546273227133046
-0.41001521694941845
2.846261859604442
3.2007876480916564
0.12020494108837765
8.543762273335759
2.615133946084061
4.2964861703185075
-0.4279516277386719
2.8413431673363645
2.9683718627311393
-1.9801095008442395
-1.0017810579359296
2.62028229416281
2.299527481215826
3.419302129987264
-7.244756456594176
-0.1474584358784472
6.262972595269874
1.921433740926647
2.6449806342549813
0.17870048395371763
4.651029776943683
4.988237382996854
-1.1650325949419802
4.106618303624968
5.452840810439446
1.975128620579721
-2.322392228121059
4.429607614058719
-3.8875221031395344
2.84267645023224
-0.6956352824428382
4.847686792954825
-2.0550261197316417
1.0784755732452456
-3.0570274148710683
4.8968884168073314
6.257712118319606
0.18282534353334934
4.215983474269853
0.0686879156845468
0.621500358014159
5.810101677012026
-1.0337380836842067
4.228467542973225
5.236702147188677
1.8791057162268234
0.4986039831564639
0.03574109835712891
3.1574906587526135
3.9834991084801565
5.274781466239572
3.287859501652923
1.5328308484162365
-2.7081347690733346
-3.016934802974284
-2.3466443750783097
2.6543241158900504
1.9810950731240549
2.283273788273495
5.3932965480419535
1.1716120008744033
-0.9496051615107715
-0.2661949046083216
0.790526669601463
1.669693816405307
5.290298695476327
5.435644637960749
3.689566738470506
-1.9491716473824456
2.101601812551892
-2.049440695454934
2.1126904256490278
2.9380162468384565
-4.860608869818627
0.48215473968980693
-2.44120113599845
3.313354740618278
3.6614150817337605
3.1117195350076434
3.7897516439797236
-0.09123777596718585
-0.43950092971251653
0.666206881203667
0.770846022559093
3.2916992941053875
0.006862406107434271
-0.45214989075782874
2.262927468895881
0.9875587659058527
3.9362479920858267
5.608084174406242
6.075208067382706
2.8094715295404527
1.2056260244854329
-2.3256328065665164
1.3529596594695783
3.0963898679326753
1.1770559070121096
-1.721861082849657
0.07201487724067368
2.252472199599569
4.5277431962951695
1.7537745939304774
0.4273681851288691
2.4916261892896725
1.3551468227344237
-1.187274908631517
2.486167530680628
0.9625146830346172
-1.9015124054710468
5.540213919350253
1.3513462329701944
2.342547068145795
2.2019318177376834
6.3677942528921605
-4.319823063771263
5.080365671797195
4.066971339745404
0.6002930030037549
1.388997929758051
3.9443651593098386
-1.0019850129210406
3.8301280773201367
5.1904490791117865
4.42488067390053
2.7630614608350164
3.803963591534454
4.773036762988287
0.8617715810787347
-2.0384985123469126
3.0415332364362566
-0.6763692419811114
1.054879527343991
2.0374980781400884
3.367020606492922
1.3715853290196167
3.694625874952727
2.0584181154866594
1.0500941902005247
3.5847876661566542
1.050747025647345
2.5558177739581485
-3.2132066693455053
0.8456539971772694
-2.319674009573173
-3.631187645513837
1.6141239226130162
-0.5456363607292749
1.871235563218233
-2.8896376863586224
2.3538374954679546
5.166798439877536
3.0563086762200085
-2.2279767009795064
1.4684689539389046
-0.4268421521913526
2.5266250728957025
1.8825534508954032
5.060287627574914
4.272670124642355
-0.2585116828994001
1.8011853678916887
1.249697951425786
7.9999113079893025
0.17074431580491223
2.8290774504280716
5.399965431003679
5.5317015706939205
0.7555284921433778
0.2579337770704655
3.428094336181837
2.0255569030313167
-1.6588120219107023
2.1304600058740966
1.935805382391698
5.0323973637714845
0.7757257541367178
2.357835804796373
6.501521931500111
1.7019278537775329
2.1919421695330064
7.250634456927056
5.132001447513245
-2.347971925032788
2.807477877543181
5.268213024594157
3.3684337240518856
4.775730801076436
2.5997399372716035
4.263913073862062
-3.794722959459478
